0.0,34.25564328026607,36.08777144926158,32.67950521279632,33.866923327663194,28.840952321188734,30.450563925326552,29.26420368039994,31.753480762759878
34.25564328026607,0.0,4.91161881164256,1.8944038760563582,0.6447345087682118,10.2464478945501,8.835520824100213,56.11194891026861,13.404706106024324
36.08777144926158,4.91161881164256,0.0,6.396166414543268,4.861781917030134,13.486065280363412,11.736967617876353,58.99042265020602,15.381752457429503
32.67950521279632,1.8944038760563582,6.396166414543268,0.0,1.6673428679683022,8.975328106284403,7.808445706273363,54.25562321580534,12.805148696794218
33.866923327663194,0.6447345087682118,4.861781917030134,1.6673428679683022,0.0,9.874844447852974,8.424890641870759,55.70501119274377,13.063169204698548
28.840952321188734,10.2464478945501,13.486065280363412,8.975328106284403,9.874844447852974,0.0,2.2925076272533302,49.378170748270044,5.810695792303305
30.450563925326552,8.835520824100213,11.736967617876353,7.808445706273363,8.424890641870759,2.2925076272533302,0.0,51.10832055025802,5.621145288014466
29.26420368039994,56.11194891026861,58.99042265020602,54.25562321580534,55.70501119274377,49.378170748270044,51.10832055025802,0.0,52.435407521883285
31.753480762759878,13.404706106024324,15.381752457429503,12.805148696794218,13.063169204698548,5.810695792303305,5.621145288014466,52.435407521883285,0.0
